Distance	FrapRatio	FrapCon		FrapBasic
28.284  	0.3305   	7.3673   	22.291   
8.1066  	0.43762  	103.16   	235.73   
12.232  	0.48504  	34.741   	71.625   
27.261  	0.36497  	7.0952   	19.44    
31.924  	0.35902  	13.353   	37.193   
29.407  	0.34783  	5.7588   	16.556   
25.647  	0.36081  	8.0495   	22.31    
31.606  	0.38043  	10.81    	28.416   
36.844  	0.41853  	2.8228   	6.7446   
28.968  	0.35463  	5.3572   	15.106   
37.563  	0.62449  	0.46229  	0.74028  
32.49   	0.31802  	8.5291   	26.819   
31.636  	0.21789  	1.6473   	7.5603   
29.305  	0.31599  	17.686   	55.971   
24.12   	0.37267  	15.685   	42.088   
23.694  	0.36655  	3.526    	9.6196   
17.693  	0.38915  	36.236   	93.114   
22.35   	0.35376  	12.496   	35.324   
22.607  	0.33757  	27.499   	81.463   
21.16   	0.33452  	37.03    	110.7    
28.805  	0.32535  	13.633   	41.902   
21.393  	0.38499  	14.42    	37.455   
25.632  	0.3421   	16.473   	48.154   
29.781  	0.32252  	17.01    	52.741   
25.601  	0.30689  	7.2092   	23.491   
23.636  	0.20497  	29.108   	142.01   
15.753  	0.39074  	39.313   	100.61   
29.105  	0.35078  	16.038   	45.719   
30.427  	0.34067  	2.8763   	8.4431   
32.686  	0.3127   	3.7154   	11.882   
31.454  	0.40718  	6.3096   	15.496   
9.957   	0.42873  	75.016   	174.97   
23.486  	0.18901  	31.284   	165.52   
14.672  	0.40539  	45.19    	111.47   
24.657  	0.36703  	16.381   	44.632   
24.264  	0.33978  	10.343   	30.44    
32.897  	0.10564  	0.32466  	3.0734   
8.6908  	0.44221  	66.839   	151.15   
13.589  	0.34717  	54.137   	155.94   
18.405  	0.38611  	41.402   	107.23   
25.603  	0.39602  	24.1     	60.856   
25.165  	0.31835  	6.2329   	19.579   
13.345  	0.40278  	65.403   	162.38   
34.935  	0.62354  	1.401    	2.2468   
21.008  	0.34664  	26.397   	76.15    
27.655  	0.39076  	10.254   	26.242   
31.312  	0.22769  	3.0714   	13.489   
12.71   	0.38511  	58.171   	151.05   
8.7536  	0.5169   	75.656   	146.36   
9.7162  	0.40895  	79.517   	194.44   
30.521  	0.39406  	13.968   	35.447   
24.266  	0.3737   	34.836   	93.22    
32.522  	0.21882  	2.2353   	10.215   
24.525  	0.36583  	16.463   	45.004   
20.161  	0.34824  	19.394   	55.692   
11.361  	0.37075  	71.709   	193.42   
35.167  	0.41499  	2.7683   	6.6708   
20.31   	0.39487  	25.892   	65.57    
13.837  	0.34325  	14.73    	42.912   
21.258  	0.3399   	32.883   	96.743   
15.878  	0.3625   	43.007   	118.64   
16.345  	0.40992  	50.662   	123.59   
19.815  	0.36939  	32.515   	88.023   
24.332  	0.34074  	15.95    	46.811   
33.023  	0.31828  	1.591    	4.9987   
21.828  	0.35332  	41.522   	117.52   
13.31   	0.40735  	49.148   	120.65   
13.879  	0.33282  	52.729   	158.43   
24.694  	0.38965  	17.867   	45.856   
8.162   	0.53369  	58.796   	110.17   
20.086  	0.36088  	36.802   	101.98   
14.367  	0.36402  	22.736   	62.459   
22.535  	0.35087  	28.241   	80.488   
35.128  	0.36579  	7.7651   	21.228   
15.962  	0.26256  	47.735   	181.8    
26.246  	0.37512  	24.449   	65.177   
27.223  	0.39695  	20.492   	51.624   
19.015  	0.41456  	6.5      	15.679   
13.004  	0.36319  	41.571   	114.46   
25.712  	0.39465  	24.024   	60.874   
21.841  	0.47178  	24.225   	51.348   
8.403   	0.42389  	108.5    	255.96   
41.155  	0.66474  	0.63985  	0.96254  
14.128  	0.4942   	29.302   	59.292   
21.893  	0.36181  	32.16    	88.886   
21.815  	0.38728  	3.2643   	8.4288   
19.019  	0.34902  	15.783   	45.223   
25.711  	0.3702   	17.559   	47.433   
30.726  	0.3161   	16.562   	52.394   
28.275  	0.35652  	19.463   	54.59    
26.501  	0.42941  	14.259   	33.207   
23.248  	0.48904  	17.057   	34.879   
13.521  	0.37278  	60.433   	162.11   
25.288  	0.33139  	4.451    	13.431   
38.476  	0.34705  	3.3398   	9.6233   
18.187  	0.23504  	31.023   	131.99   
37.645  	0.52753  	1.5435   	2.9259   
24.59   	0.35846  	9.4219   	26.284   
30.093  	0.34865  	9.5917   	27.511   
41.55   	0.99342  	0.013717 	0.013808 
25.772  	0.36551  	7.525    	20.587   
16.577  	0.37792  	18.332   	48.507   
29.536  	0.32446  	4.9223   	15.171   
15.524  	0.33501  	50.685   	151.3    
24.993  	0.22243  	1.0034   	4.5111   
25.166  	0.37319  	23.306   	62.451   
26.235  	0.37786  	25.586   	67.712   
30.734  	0.2393   	19.788   	82.688   
20.819  	0.3825   	28.195   	73.711   
1.1565  	0.29622  	242.17   	817.53   
15.701  	0.34507  	38.295   	110.98   
12.686  	0.35594  	59.692   	167.7    
19.68   	0.40006  	31.761   	79.39    
22.696  	0.30285  	26.089   	86.145   
37.543  	0.20857  	0.98155  	4.7062   
33.05   	0.32954  	9.9134   	30.083   
25.021  	0.37151  	8.4792   	22.824   
27.2    	0.40779  	9.2731   	22.74    
26.654  	0.36436  	10.9     	29.915   
37.53   	0.21477  	0.49641  	2.3114   
36.064  	0.48724  	0.87429  	1.7944   
13.594  	0.40079  	60.725   	151.51   
40.76   	0.34469  	1.6078   	4.6644   
24.109  	0.37981  	23.418   	61.658   
14.753  	0.37319  	20.187   	54.095   
11.868  	0.47695  	23.025   	48.275   
25.922  	0.29695  	12.407   	41.781   
28.681  	0.3485   	17.267   	49.547   
33.532  	0.3143   	3.7866   	12.048   
25.774  	0.29206  	8.3419   	28.562   
15.815  	0.38757  	36.991   	95.444   
23.738  	0.20288  	28.396   	139.96   
29.544  	0.35338  	15.097   	42.722   
19.675  	0.36666  	37.158   	101.34   
28.264  	0.31344  	8.951    	28.557   
28.029  	0.28045  	7.9579   	28.375   
30.22   	0.21767  	0.81161  	3.7286   
28.146  	0.34656  	7.2037   	20.786   
33.292  	0.38275  	1.386    	3.6211   
16.007  	0.37607  	17.3     	46.001   
21.321  	0.41048  	11.545   	28.127   
19.763  	0.38619  	5.1061   	13.222   
17.892  	0.32931  	40.78    	123.83   
10.299  	0.46213  	71.516   	154.75   
13.552  	0.36684  	56.295   	153.46   
30.832  	0.38971  	4.6879   	12.029   
35.291  	0.47185  	1.3075   	2.771    
15.156  	0.33343  	59.334   	177.95   
16.371  	0.39751  	44.642   	112.3    
19.571  	0.38363  	33.986   	88.591   
20.139  	0.35118  	28.909   	82.318   
17.633  	0.41072  	42.282   	102.95   
26.809  	0.37154  	8.733    	23.504   
38.336  	0.62978  	0.45723  	0.72601  
25.219  	0.31786  	21.521   	67.705   
18.989  	0.29934  	33.771   	112.82   
30.912  	0.28935  	5.2751   	18.231   
24.628  	0.25638  	0.89396  	3.4869   
3.2246  	0.31686  	255.99   	807.9    
13.445  	0.383    	59.656   	155.76   
32.392  	0.35733  	1.9737   	5.5235   
25.986  	0.29597  	8.3033   	28.055   
32.177  	0.34035  	5.9874   	17.592   
40.357  	0.58753  	1.1561   	1.9677   
32.408  	0.40273  	6.7845   	16.846   
13.431  	0.42284  	17.161   	40.585   
13.816  	0.34509  	36.493   	105.75   
18.448  	0.40817  	36.579   	89.618   
1.8113  	0.32349  	253.35   	783.17   
20.449  	0.39031  	31.48    	80.652   
7.7926  	0.45024  	64.175   	142.53   
32.982  	0.34808  	1.5853   	4.5545   
27.208  	0.31745  	13.441   	42.342   
14.977  	0.38519  	11.387   	29.563   
18.613  	0.39736  	32.303   	81.295   
29.01   	0.35035  	9.3771   	26.765   
20.99   	0.17816  	17.959   	100.8    
37.585  	0.33821  	3.491    	10.322   
28.056  	0.312    	14.921   	47.824   
27.852  	0.36335  	9.7362   	26.796   
20.724  	0.36587  	36.94    	100.96   
35.94   	0.51072  	2.9338   	5.7445   
20.129  	0.24323  	32.712   	134.49   
5.4396  	0.56142  	118.27   	210.66   
22.593  	0.35259  	27.872   	79.05    
2.296   	0.28685  	236.02   	822.77   
34.858  	0.38664  	3.5237   	9.1137   
23.732  	0.18647  	30.766   	165      
32.595  	0.25731  	2.7668   	10.753   
23.453  	0.32825  	18.565   	56.557   
7.2324  	0.40844  	59.761   	146.32   
24.961  	0.35076  	14.401   	41.056   
23.493  	0.35214  	37.111   	105.39   
22.649  	0.30439  	3.8106   	12.519   
12.695  	0.44264  	22.56    	50.967   
31.027  	0.21903  	0.82436  	3.7637   
7.8235  	0.45463  	101.64   	223.57   
24.936  	0.34466  	19.821   	57.509   
4.1851  	0.26179  	233.15   	890.61   
31.024  	0.30913  	14.314   	46.304   
8.6428  	0.47636  	92.103   	193.34   
20.485  	0.36186  	4.8279   	13.342   
16.301  	0.41013  	40.426   	98.57    
23.934  	0.21511  	1.2506   	5.8137   
25.709  	0.41136  	18.85    	45.823   
15.741  	0.42885  	44.936   	104.78   
29.228  	0.35975  	14.682   	40.813   
27.953  	0.30425  	10.307   	33.877   
30.219  	0.32767  	7.2255   	22.051   
29.236  	0.38319  	6.7146   	17.523   
31.75   	0.42919  	2.7889   	6.4981   
31.958  	0.35051  	13.479   	38.457   
24.161  	0.35539  	28.873   	81.244   
21.258  	0.31767  	29.137   	91.721   
29.493  	0.38588  	3.1286   	8.1076   
20.152  	0.35311  	26.549   	75.187   
21.479  	0.38287  	28.536   	74.532   
30.567  	0.34197  	11.706   	34.23    
22.648  	0.36828  	30.002   	81.465   
27.399  	0.34339  	2.619    	7.6269   
32.718  	0.28514  	1.6374   	5.7423   
11.796  	0.35936  	71.181   	198.08   
35.759  	0.64519  	0.78959  	1.2238   
26.564  	0.3114   	22.842   	73.353   
7.4313  	0.33787  	59.936   	177.39   
1.3127  	0.29829  	241.47   	809.51   
6.5109  	0.49743  	114.06   	229.29   
31.682  	0.23415  	3.0322   	12.95    
20.379  	0.34892  	31.747   	90.986   
33.825  	0.37444  	10.603   	28.316   
16.995  	0.37848  	17.436   	46.068   
13.253  	0.43917  	18.484   	42.09    
29.987  	0.46865  	5.7536   	12.277   
18.028  	0.41857  	7.1844   	17.164   
27.372  	0.3653   	14.423   	39.484   
27.113  	0.34507  	9.2081   	26.684   
18.274  	0.31136  	18.718   	60.115   
20.433  	0.39258  	37.941   	96.644   
27.843  	0.58005  	2.129    	3.6703   
3.9848  	0.31143  	264.13   	848.11   
28.348  	0.38717  	6.7932   	17.546   
31.172  	0.34667  	6.0986   	17.592   
26.23   	0.37006  	17.15    	46.343   
7.2745  	0.55904  	108.6    	194.26   
14.444  	0.34766  	42.892   	123.37   
15.536  	0.3805   	43.411   	114.09   
14.455  	0.35332  	54.187   	153.37   
11.144  	0.47263  	28.642   	60.601   
29.921  	0.30729  	17.266   	56.187   
30.277  	0.30814  	7.0908   	23.012   
30.738  	0.343    	7.4438   	21.702   
23.196  	0.31195  	3.7617   	12.059   
20.418  	0.30111  	27.116   	90.053   
34.549  	0.33048  	0.70439  	2.1314   
17.646  	0.41516  	48.425   	116.64   
27.492  	0.31789  	11.327   	35.63    
10.517  	0.42064  	75.323   	179.07   
31.279  	0.20673  	1.9245   	9.3094   
22.559  	0.41297  	18.268   	44.237   
19.24   	0.31016  	34.748   	112.03   
18.583  	0.34974  	43.297   	123.8    
15.038  	0.40264  	36.35    	90.278   
30.268  	0.35662  	7.9457   	22.281   
31.648  	0.45975  	3.9647   	8.6236   
19.767  	0.37287  	42.612   	114.28   
23.265  	0.29878  	28.763   	96.269   
33.074  	0.28539  	3.5047   	12.28    
19.459  	0.20627  	29.002   	140.6    
34.646  	0.39717  	2.6395   	6.6458   
21.361  	0.40829  	26.822   	65.693   
22.295  	0.30513  	27.021   	88.555   
25.513  	0.31503  	13.363   	42.418   
28.165  	0.2682   	16.116   	60.09    
17.157  	0.42434  	44.212   	104.19   
36.052  	0.44022  	1.647    	3.7414   
30.739  	0.3548   	6.8449   	19.292   
30.854  	0.46608  	6.6645   	14.299   
13.286  	0.33025  	54.629   	165.42   
35.606  	0.67715  	0.80481  	1.1885   
32.997  	0.27068  	10.365   	38.292   
39.089  	0.31452  	0.63149  	2.0078   
15.942  	0.37891  	10.985   	28.992   
25.838  	0.31319  	7.2735   	23.224   
11.765  	0.37548  	67.286   	179.2    
13.44   	0.43273  	41.931   	96.901   
19.725  	0.3594   	31.713   	88.238   
33.996  	0.28686  	2.9024   	10.118   
21.029  	0.33752  	33.32    	98.719   
35.044  	0.33159  	7.4428   	22.446   
29.924  	0.31612  	6.4116   	20.282   
25.064  	0.32532  	7.8469   	24.12    
26.975  	0.34484  	12.722   	36.892   
11.477  	0.34456  	57.948   	168.18   
11.729  	0.41473  	67.084   	161.75   
4.9014  	0.26733  	228.12   	853.35   
24.414  	0.31369  	11.916   	37.987   
14.289  	0.3626   	33.884   	93.448   
35.724  	0.32714  	6.2495   	19.103   
32.507  	0.43116  	4.1065   	9.5243   
35.639  	0.39809  	1.7369   	4.363    
31.783  	0.42415  	6.1944   	14.604   
17.099  	0.40795  	39.151   	95.971   
31.052  	0.35617  	3.8534   	10.819   
12.84   	0.36659  	43.182   	117.79   
16.1    	0.3975   	52.119   	131.12   
17.047  	0.43083  	47.056   	109.22   
12.045  	0.50597  	19.944   	39.418   
4.1241  	0.30554  	259.02   	847.76   
19.79   	0.3952   	28.943   	73.236   
27.407  	0.3402   	12.281   	36.101   
22.328  	0.26335  	10.751   	40.824   
32.66   	0.3036   	2.1112   	6.954    
30      	0.26885  	1.2897   	4.7971   
27.288  	0.2063   	21.885   	106.09   
24.121  	0.42339  	19.852   	46.889   
23.797  	0.38182  	18.898   	49.495   
15.664  	0.38434  	45.549   	118.51   
16.665  	0.29985  	19.282   	64.305   
24.924  	0.17948  	0.54498  	3.0365   
8.2694  	0.4332   	98.257   	226.82   
17.039  	0.37382  	9.2133   	24.646   
11.712  	0.33355  	69.314   	207.8    
27.648  	0.43371  	4.5837   	10.569   
20.882  	0.41773  	29.327   	70.205   
25.977  	0.33834  	15.907   	47.014   
36.124  	0.36307  	5.8531   	16.121   
16.56   	0.36266  	43.227   	119.19   
29.526  	0.43537  	2.9744   	6.832    
28.768  	0.34416  	17.771   	51.635   
25.6    	0.38093  	1.5081   	3.9589   
31.904  	0.33658  	2.3987   	7.1266   
26.407  	0.29487  	23.414   	79.404   
9.1297  	0.36874  	74.325   	201.57   
29.131  	0.20863  	22.931   	109.91   
17.405  	0.38916  	40.33    	103.63   
32.551  	0.25173  	1.0655   	4.2326   
27.443  	0.32663  	8.0188   	24.55    
13.47   	0.38172  	60.08    	157.39   
8.8529  	0.48305  	98.399   	203.71   
22.549  	0.31659  	22.073   	69.721   
29.067  	0.22915  	1.9072   	8.3229   
12.774  	0.45402  	19.46    	42.861   
16.53   	0.3676   	19.152   	52.099   
27.932  	0.36484  	8.7045   	23.859   
21.095  	0.33221  	29.558   	88.975   
27.138  	0.31955  	8.0027   	25.044   
35.953  	0.45387  	2.2095   	4.8681   
13.074  	0.33468  	50.414   	150.63   
29.846  	0.341    	21.439   	62.871   
23.467  	0.42448  	20.638   	48.621   
10.043  	0.52449  	21.377   	40.758   
24.197  	0.38206  	9.1261   	23.887   
24.038  	0.3444   	16.43    	47.706   
27.247  	0.43892  	6.199    	14.123   
14.344  	0.32831  	53.283   	162.29   
10.933  	0.38399  	52.306   	136.22   
17.657  	0.34615  	19.801   	57.205   
17.601  	0.37659  	35.381   	93.95    
19.997  	0.30596  	14.534   	47.503   
36.732  	0.60141  	0.5232   	0.86996  
20.509  	0.42474  	4.3412   	10.221   
29.799  	0.45923  	9.7163   	21.158   
24.638  	0.34515  	20.713   	60.011   
6.0333  	0.51129  	106.26   	207.82   
21.436  	0.39295  	22.373   	56.936   
21.224  	0.36466  	16.448   	45.106   
25.138  	0.36837  	13.772   	37.386   
17.46   	0.34933  	38.073   	108.99   
6.8135  	0.4957   	106.4    	214.66   
11.759  	0.3048   	63.436   	208.12   
12.867  	0.42097  	27.897   	66.268   
28.941  	0.34567  	13.613   	39.381   
16.529  	0.33321  	37.982   	113.99   
41.067  	0.68011  	0.89584  	1.3172   
28.146  	0.34602  	24.209   	69.965   
4.1846  	0.29159  	245.87   	843.21   
27.991  	0.43065  	11.183   	25.968   
35.013  	0.21825  	1.4289   	6.547    
33.411  	0.35088  	1.5848   	4.5166   
23.496  	0.3389   	17.815   	52.567   
12.421  	0.43646  	67.801   	155.34   
37.909  	0.213    	0.98942  	4.6451   
40.391  	0.34993  	1.7651   	5.044    
4.3234  	0.52073  	140.55   	269.9    
31.888  	0.34439  	10.473   	30.408   
34.731  	0.32102  	8.4156   	26.215   
29.535  	0.37405  	9.209    	24.62    
36.358  	0.42403  	6.6929   	15.784   
36.075  	0.38543  	7.0119   	18.192   
26.339  	0.30797  	1.2306   	3.9958   
29.116  	0.35304  	16.691   	47.279   
29.285  	0.28369  	2.526    	8.9042   
26.142  	0.32353  	9.4568   	29.23    
21.157  	0.36266  	18.014   	49.672   
37.337  	0.43114  	1.605    	3.7228   
30.801  	0.16607  	1.6369   	9.8563   
13.657  	0.4206   	68.242   	162.25   
5.9798  	0.63748  	97.845   	153.49   
25.064  	0.3275   	26.81    	81.862   
24.998  	0.15037  	24.715   	164.36   
16.868  	0.33248  	35.983   	108.23   
21.453  	0.18366  	19.143   	104.23   
25.286  	0.3287   	9.8781   	30.052   
15.147  	0.4224   	53.039   	125.57   
15.634  	0.34709  	45.591   	131.35   
27.301  	0.55205  	1.8246   	3.3051   
28.036  	0.36306  	23.032   	63.441   
25.708  	0.41092  	15.182   	36.946   
15.804  	0.41103  	44.252   	107.66   
14.869  	0.4123   	18.663   	45.266   
24.712  	0.37381  	8.7724   	23.468   
19.727  	0.37953  	29.858   	78.672   
20.493  	0.3634   	17.463   	48.054   
26.427  	0.50056  	2.2602   	4.5154   
30.416  	0.40249  	4.208    	10.455   
16.901  	0.3592   	9.2525   	25.759   
29.37   	0.43054  	6.4671   	15.021   
26.327  	0.28046  	11.052   	39.408   
27.475  	0.44373  	6.099    	13.745   
13.972  	0.33989  	56.465   	166.13   
26.351  	0.36995  	11.035   	29.829   
32.735  	0.43453  	5.2396   	12.058   
15.794  	0.38141  	19.648   	51.514   
19.614  	0.23807  	33.98    	142.73   
22.779  	0.32139  	24.727   	76.938   
17.49   	0.38506  	36.012   	93.524   
28.443  	0.32392  	4.6963   	14.498   
2.5087  	0.30792  	253.22   	822.36   
38.195  	0.34633  	3.2753   	9.4572   
6.8846  	0.38418  	64.36    	167.53   
26.26   	0.27961  	2.9108   	10.41    
20.855  	0.35954  	42.266   	117.56   
14.517  	0.35125  	57.818   	164.6    
23.78   	0.36744  	27.369   	74.485   
13.846  	0.32347  	56.312   	174.09   
17.564  	0.22404  	33.536   	149.68   
26.033  	0.4269   	2.5638   	6.0057   
15.495  	0.40683  	51.557   	126.73   
10.982  	0.59744  	67.604   	113.16   
3.4233  	0.23951  	216.31   	903.14   
23.431  	0.34416  	22.212   	64.54    
30.205  	0.31219  	13.213   	42.322   
21.122  	0.37446  	4.6857   	12.513   
23.613  	0.33889  	9.9275   	29.294   
25.144  	0.32952  	15.016   	45.568   
14.478  	0.35593  	9.3412   	26.244   
29.134  	0.43577  	1.3077   	3.0008   
32.843  	0.31705  	10.836   	34.178   
25.562  	0.39068  	25.507   	65.29    
32.229  	0.37429  	8.2537   	22.052   
35.603  	0.3869   	7.7499   	20.031   
31.475  	0.25068  	3.1864   	12.711   
19.503  	0.38955  	39.003   	100.12   
36.155  	0.24623  	1.3484   	5.4762   
23.459  	0.32878  	18.468   	56.171   
31.33   	0.40672  	7.2746   	17.886   
34.331  	0.43595  	1.2395   	2.8432   
26.004  	0.26865  	19.775   	73.608   
31.612  	0.3684   	11.761   	31.924   
33.868  	0.29197  	7.5753   	25.945   
17.966  	0.39103  	41.205   	105.38   
21.361  	0.37055  	22.099   	59.64    
14.89   	0.41439  	52.448   	126.57   
24.872  	0.35724  	18.666   	52.251   
29.178  	0.32629  	6.7863   	20.798   
17.668  	0.38957  	32.43    	83.245   
29.333  	0.37458  	7.196    	19.211   
15.134  	0.34136  	21.961   	64.334   
10.593  	0.39693  	57.53    	144.94   
22.459  	0.42805  	18.528   	43.285   
30.075  	0.38225  	5.3171   	13.91    
23.27   	0.35816  	25.792   	72.013   
33.207  	0.37284  	10.701   	28.701   
20.17   	0.33689  	33.07    	98.164   
23.468  	0.20514  	35.868   	174.85   
31.344  	0.26583  	1.6494   	6.2045   
20.468  	0.39801  	25.615   	64.357   
28.025  	0.41571  	12.224   	29.404   
35.218  	0.28149  	1.4993   	5.3261   
24.854  	0.33044  	15.137   	45.809   
24.611  	0.31843  	21.733   	68.25    
36.102  	0.18627  	0.71951  	3.8627   
26.948  	0.33641  	6.7923   	20.19    
22.561  	0.35664  	13.094   	36.715   
18.507  	0.22759  	34.142   	150.02   
14.063  	0.35855  	49.482   	138.01   
26.371  	0.29827  	13.598   	45.589   
19.351  	0.37659  	38.772   	102.96   
22.2    	0.34879  	19.353   	55.488   
31.527  	0.2691   	4.512    	16.767   
35.464  	0.29981  	4.9557   	16.53    
18.32   	0.36505  	22.329   	61.167   
26.389  	0.36145  	10.618   	29.378   
40.658  	0.80068  	0.3377   	0.42177  
26.34   	0.31734  	3.6252   	11.424   
35.886  	0.62873  	0.52141  	0.8293   
15.487  	0.39061  	35.815   	91.692   
32.231  	0.27258  	4.1604   	15.263   
30.301  	0.22688  	17.117   	75.447   
14.964  	0.39599  	44.865   	113.3    
18.562  	0.39189  	7.0936   	18.101   
34.076  	0.34885  	3.7157   	10.651   
32.337  	0.31923  	10.249   	32.105   
19.227  	0.39966  	33.454   	83.705   
27.157  	0.27108  	9.5189   	35.115   
11.538  	0.52476  	19.803   	37.737   
24.536  	0.41712  	17.537   	42.042   
25.917  	0.34316  	8.0726   	23.524   
20.574  	0.38867  	15.113   	38.884   
18.556  	0.38566  	6.7602   	17.529   
6.5595  	0.50994  	96.704   	189.64   
14.11   	0.494    	28.223   	57.131   
20.641  	0.37788  	23.313   	61.693   
18.774  	0.42327  	5.9165   	13.978   
28.537  	0.36701  	21.479   	58.525   
17.023  	0.35036  	7.3955   	21.108   
1.7591  	0.3104   	251.73   	810.97   
33.121  	0.33656  	8.8609   	26.328   
31.831  	0.3839   	6.0573   	15.778   
12.73   	0.45615  	12.124   	26.579   
12.221  	0.46101  	19.484   	42.264   
20.503  	0.36449  	22.645   	62.128   
28.162  	0.35303  	19.375   	54.882   
11.538  	0.40023  	56.835   	142.01   
10.69   	0.5084   	22.895   	45.033   
16.668  	0.3705   	35.446   	95.673   
26.656  	0.20917  	22.757   	108.8    
18.13   	0.36676  	32.014   	87.288   
22.059  	0.33395  	22.544   	67.508   
30.988  	0.39618  	4.4979   	11.353   
2.8803  	0.24682  	222.21   	900.28   
6.5364  	0.48551  	128.4    	264.46   
29.638  	0.34764  	17.423   	50.117   
16.091  	0.37367  	43.967   	117.67   
17.647  	0.37412  	8.0294   	21.462   
22.084  	0.3749   	3.1957   	8.5242   
26.096  	0.38027  	16.502   	43.395   
36.237  	0.40567  	1.5225   	3.753    
31.497  	0.43152  	4.4491   	10.31    
32.112  	0.31299  	9.4407   	30.163   
20.285  	0.32687  	29.615   	90.602   
23.717  	0.44133  	19.913   	45.12    
30.124  	0.32692  	17.338   	53.033   
19.121  	0.41311  	44.66    	108.11   
34.773  	0.27305  	1.9312   	7.0729   
22.843  	0.34848  	1.8757   	5.3826   
13.279  	0.44106  	57.322   	129.97   
13.083  	0.38329  	61.308   	159.95   
6.035   	0.51885  	96.465   	185.92   
14.31   	0.41703  	56.432   	135.32   
24.344  	0.35488  	36.838   	103.8    
16.814  	0.41735  	27.429   	65.723   
29.464  	0.33213  	9.8807   	29.75    
6.9586  	0.59385  	98.252   	165.45   
22.944  	0.32214  	7.3398   	22.784   
24.004  	0.36289  	14.454   	39.831   
7.9426  	0.54157  	86.088   	158.96   
23.804  	0.31775  	22.819   	71.814   
21.228  	0.33401  	31.911   	95.538   
19.814  	0.36884  	41.629   	112.86   
19.103  	0.22495  	33.39    	148.43   
26.992  	0.40649  	12.939   	31.83    
19.416  	0.39173  	29.703   	75.824   
30.107  	0.31849  	5.5841   	17.533   
21.395  	0.35905  	12.356   	34.413   
32.536  	0.5401   	2.2463   	4.159    
26.501  	0.38793  	3.5351   	9.1128   
26.597  	0.33556  	31.584   	94.124   
16.628  	0.41993  	48.76    	116.11   
19.629  	0.3697   	35.66    	96.456   
23.28   	0.37392  	16.801   	44.932   
28.597  	0.41098  	12.156   	29.578   
21.169  	0.3467   	26.183   	75.522   
28.181  	0.40644  	9.9176   	24.401   
31.43   	0.34063  	9.4238   	27.666   
15.7    	0.36296  	11.401   	31.412   
38.809  	0.32001  	2.8353   	8.8599   
25.827  	0.27653  	11.816   	42.729   
11.646  	0.39557  	62.872   	158.94   
10.981  	0.60909  	29.933   	49.144   
26.748  	0.36203  	2.2009   	6.0792   
18.804  	0.38021  	27.778   	73.058   
28.612  	0.40045  	4.8072   	12.005   
15.438  	0.37904  	42.798   	112.91   
16.359  	0.3692   	46.541   	126.06   
35.784  	0.47712  	0.96448  	2.0215   
26.605  	0.38084  	24.857   	65.268   
31.125  	0.33635  	1.8231   	5.4204   
4.9336  	0.48533  	133.72   	275.51   
4.2943  	0.26809  	228.61   	852.75   
16.581  	0.42055  	18.262   	43.423   
22.978  	0.39996  	12.449   	31.125   
16.252  	0.36268  	47.319   	130.47   
19.188  	0.19348  	26.321   	136.04   
6.5599  	0.4714   	126.86   	269.12   
23.074  	0.35972  	17.111   	47.567   
15.817  	0.31911  	20.646   	64.697   
27.915  	0.37238  	1.267    	3.4025   
30.497  	0.42522  	5.4651   	12.852   
24.041  	0.34019  	16.853   	49.538   
11.666  	0.43386  	66.72    	153.78   
22.495  	0.30011  	26.096   	86.954   
30.718  	0.23494  	19.623   	83.523   
37.229  	0.44455  	1.492    	3.3561   
34.121  	0.30074  	7.115    	23.658   
24.545  	0.18172  	26.204   	144.2    
10.018  	0.60756  	59.457   	97.862   
34.331  	0.22779  	1.666    	7.3137   
15.582  	0.36437  	45.472   	124.8    
26.534  	0.36905  	10.732   	29.08    
28.998  	0.36963  	6.0884   	16.471   
18.775  	0.42474  	12.003   	28.259   
18.45   	0.41375  	32.243   	77.928   
11.803  	0.54403  	13.27    	24.392   
22.805  	0.39741  	20.046   	50.442   
30.534  	0.20568  	1.919    	9.3303   
26.053  	0.39757  	8.355    	21.015   
10.459  	0.52557  	32.426   	61.697   
23.051  	0.38654  	38.199   	98.823   
28.422  	0.32407  	3.4762   	10.727   
38.879  	0.4287   	0.77958  	1.8185   
10.015  	0.40563  	65.592   	161.7    
29.517  	0.34887  	13.734   	39.366   
22.001  	0.32665  	15.754   	48.231   
8.6117  	0.56596  	64.106   	113.27   
11.042  	0.37004  	66.596   	179.97   
22.336  	0.23199  	32.166   	138.65   
15.429  	0.36393  	9.4709   	26.024   
12.705  	0.40216  	52.377   	130.24   
13.875  	0.39753  	58.908   	148.19   
4.4243  	0.48544  	132.14   	272.2    
29.907  	0.33347  	12.074   	36.206   
35.807  	0.32231  	5.9457   	18.447   
30.284  	0.35376  	16.251   	45.939   
13.577  	0.43956  	22.711   	51.667   
27.073  	0.30507  	11.565   	37.91    
26.953  	0.40662  	24.094   	59.255   
31.231  	0.28714  	9.7199   	33.85    
33.261  	0.46344  	4.8708   	10.51    
24.771  	0.32393  	21.204   	65.459   
33.499  	0.32047  	1.1082   	3.4579   
17.207  	0.33198  	39.948   	120.33   
34.019  	0.43613  	1.8917   	4.3376   
12.563  	0.43528  	66.541   	152.87   
23.954  	0.34229  	5.0212   	14.67    
16.438  	0.33818  	38.546   	113.98   
14.116  	0.39114  	13.141   	33.596   
16.915  	0.34746  	46.195   	132.95   
5.4857  	0.38684  	302.96   	783.17   
22.664  	0.35009  	21.408   	61.151   
22.46   	0.35406  	5.354    	15.122   
16.894  	0.29515  	41.465   	140.49   
11.394  	0.61672  	30.04    	48.709   
7.9318  	0.41362  	58.224   	140.77   
29.969  	0.4019   	5.4577   	13.58    
14.462  	0.44818  	52.123   	116.3    
18.483  	0.40265  	38.106   	94.637   
23.984  	0.37677  	17.1     	45.386   
19.751  	0.24409  	33.831   	138.6    
35.937  	0.33594  	6.1422   	18.284   
31.369  	0.33085  	10.205   	30.846   
26.764  	0.39063  	27.818   	71.212   
41.869  	0.78966  	0.47203  	0.59776  
33.909  	0.30131  	8.1414   	27.02    
38.797  	0.65509  	0.22419  	0.34223  
29.184  	0.28127  	6.5211   	23.185   
27.814  	0.33135  	5.165    	15.588   
24.788  	0.35077  	20.225   	57.659   
36.511  	0.43811  	0.68335  	1.5598   
29.727  	0.41439  	13.117   	31.655   
13.93   	0.41075  	52.656   	128.2    
19.44   	0.40659  	41.336   	101.67   
26.119  	0.4256   	14.265   	33.517   
29.058  	0.29422  	21.707   	73.777   
22.039  	0.35124  	26.906   	76.602   
34.846  	0.33132  	7.2747   	21.957   
31.997  	0.4127   	4.7961   	11.621   
29.802  	0.27707  	1.7193   	6.2054   
23.035  	0.38761  	11.78    	30.391   
31.545  	0.34489  	14.379   	41.691   
23.86   	0.1938   	0.70704  	3.6484   
22.082  	0.34689  	39.113   	112.75   
19.537  	0.43839  	23.99    	54.724   
31.206  	0.27666  	4.4014   	15.909   
20.595  	0.30964  	18.063   	58.336   
28.65   	0.26345  	23.963   	90.958   
25.183  	0.3231   	8.6836   	26.876   
27.967  	0.29468  	24.674   	83.731   
23.729  	0.35514  	11.495   	32.367   
27.658  	0.36233  	1.2935   	3.57     
21.125  	0.35562  	33.697   	94.758   
23.838  	0.34365  	25.428   	73.995   
14.548  	0.38219  	12.659   	33.121   
29.348  	0.34741  	4.2384   	12.2     
31.337  	0.36189  	5.6392   	15.583   
14.439  	0.42327  	37.289   	88.096   
21.931  	0.34274  	6.1547   	17.957   
38.322  	0.62998  	0.45969  	0.7297   
27.946  	0.41955  	6.7115   	15.997   
9.4659  	0.54672  	64.939   	118.78   
33.1    	0.39909  	7.2748   	18.228   
37.909  	0.39166  	0.73133  	1.8673   
19.587  	0.36432  	28.482   	78.178   
32.685  	0.19949  	2.2925   	11.492   
29.975  	0.46724  	7.8825   	16.871   
35.532  	0.77797  	0.79093  	1.0167   
17.861  	0.36102  	42.26    	117.06   
21.544  	0.36075  	25.025   	69.37    
32.839  	0.33932  	8.7228   	25.707   
20.99   	0.42348  	11.915   	28.136   
24.596  	0.35897  	14.571   	40.589   
27.537  	0.36233  	1.2935   	3.57     
13.335  	0.42434  	64.309   	151.55   
4.7856  	0.2922   	252.98   	865.78   
5.6033  	0.56431  	101.69   	180.2    
24.722  	0.31733  	23.15    	72.954   
30.33   	0.36498  	18.57    	50.88    
32.152  	0.56194  	0.9283   	1.652    
19.219  	0.22056  	30.969   	140.41   
21.953  	0.33111  	25.438   	76.828   
33.054  	0.2931   	6.9992   	23.88    
16.847  	0.40264  	22.094   	54.874   
31.548  	0.39427  	7.2915   	18.494   
22.89   	0.36991  	11.963   	32.34    
16.975  	0.35427  	7.9519   	22.446   
29.92   	0.37469  	13.744   	36.681   
34.279  	0.32943  	0.70335  	2.1351   
31.729  	0.3537   	9.9616   	28.164   
19.277  	0.23248  	34.929   	150.25   
13.979  	0.35989  	58.291   	161.97   
28.717  	0.29146  	3.8033   	13.049   
25.583  	0.34302  	30.55    	89.062   
9.9347  	0.41838  	56.241   	134.42   
34.057  	0.3997   	1.3036   	3.2613   
32.845  	0.18124  	1.9833   	10.943   
7.1246  	0.56156  	108.82   	193.78   
6.4866  	0.53147  	93.842   	176.57   
24.174  	0.18039  	30.461   	168.86   
4.8525  	0.55853  	112.3    	201.07   
20.917  	0.33172  	32.165   	96.963   
12.728  	0.44324  	59.013   	133.14   
19.663  	0.37815  	28.153   	74.448   
18.667  	0.37072  	15.673   	42.277   
24.547  	0.38607  	15.346   	39.749   
13.179  	0.41102  	58.855   	143.19   
24.611  	0.3498   	16.751   	47.886   
27.354  	0.36629  	6.4779   	17.685   
17.113  	0.37467  	45.911   	122.54   
21.178  	0.35232  	16.137   	45.802   
39.666  	0.48971  	0.72418  	1.4788   
3.5044  	0.29128  	245.88   	844.13   
19.97   	0.37071  	39.426   	106.35   
21.689  	0.33336  	28.637   	85.903   
13.403  	0.43407  	42.334   	97.529   
30.143  	0.44684  	6.3089   	14.119   
32.067  	0.36432  	1.5316   	4.2038   
4.6554  	0.52593  	134.5    	255.73   
20.758  	0.34961  	33.938   	97.074   
15.345  	0.38658  	36.097   	93.376   
11.172  	0.43379  	68.69    	158.35   
33.731  	0.42221  	7.9628   	18.86    
15.845  	0.34789  	11.825   	33.99    
23.097  	0.43878  	17.929   	40.86    
32.169  	0.35219  	8.9993   	25.553   
28.562  	0.38368  	7.8805   	20.54    
24.328  	0.32255  	15.649   	48.516   
10.186  	0.39163  	46.505   	118.75   
20.764  	0.3609   	26.333   	72.963   
38.239  	0.2817   	2.2912   	8.1336   
19.921  	0.39027  	37.474   	96.02    
33.934  	0.24032  	2.3387   	9.7315   
22.182  	0.37689  	21.949   	58.237   
12.355  	0.46944  	34.846   	74.229   
19.662  	0.63132  	5.345    	8.4664   
28.082  	0.26175  	1.4633   	5.5907   
33.836  	0.29342  	7.4842   	25.506   
32.598  	0.11301  	0.3505   	3.1015   
22.65   	0.29719  	27.538   	92.66    
23.23   	0.42229  	11.922   	28.233   
15.334  	0.42484  	47.087   	110.83   
11.973  	0.35323  	66.368   	187.89   
32.669  	0.36258  	10.267   	28.317   
26.336  	0.26519  	10.266   	38.714   
31.405  	0.34323  	9.5284   	27.761   
18.27   	0.36743  	32.949   	89.674   
18.093  	0.40043  	34.427   	85.974   
31.107  	0.34966  	9.518    	27.221   
26.97   	0.41008  	10.011   	24.413   
12.289  	0.33931  	53.762   	158.44   
17.159  	0.42932  	47.602   	110.88   
14.881  	0.35402  	53.618   	151.46   
14.401  	0.35577  	13.352   	37.53    
20.165  	0.30626  	14.249   	46.525   
25.407  	0.44374  	13.921   	31.373   
13.14   	0.43588  	57.566   	132.07   
30.236  	0.39577  	1.2238   	3.0921   
23.971  	0.34774  	25.013   	71.93    
5.8305  	0.56477  	111      	196.55   
13.341  	0.35885  	24.72    	68.885   
15.518  	0.37521  	9.3726   	24.98    
10.083  	0.43229  	73.2     	169.33   
26.404  	0.30684  	11.886   	38.737   
18.599  	0.36345  	22.216   	61.125   
26.19   	0.33189  	2.538    	7.647    
35.143  	0.31819  	6.9851   	21.952   
26.004  	0.3894   	9.8662   	25.337   
24.413  	0.33352  	10.872   	32.598   
21.757  	0.31769  	29.901   	94.119   
13.896  	0.36056  	9.4098   	26.098   
20.01   	0.24388  	32.813   	134.54   
27.39   	0.39302  	6.0206   	15.319   
19.976  	0.44263  	7.2767   	16.44    
30.323  	0.37482  	5.2165   	13.917   
16.504  	0.39168  	45.349   	115.78   
22.546  	0.32176  	23.04    	71.605   
29.778  	0.25276  	1.8548   	7.3381   
22.98   	0.35296  	16.886   	47.84    
15.257  	0.35725  	41.235   	115.42   
4.9274  	0.31731  	250.68   	790.02   
20.549  	0.38987  	22.904   	58.747   
24.488  	0.35963  	5.1756   	14.392   
23.213  	0.44084  	21.149   	47.975   
20.606  	0.39285  	29.351   	74.712   
15.938  	0.42395  	19.18    	45.241   
33.097  	0.22234  	2.3693   	10.656   
27.391  	0.29487  	24.752   	83.942   
25.391  	0.35051  	9.1775   	26.183   
25.449  	0.31315  	14.037   	44.824   
26.703  	0.34414  	16.002   	46.499   
32.032  	0.38193  	3.924    	10.274   
18.78   	0.39449  	25.516   	64.681   
19.644  	0.3143   	33.469   	106.49   
33.199  	0.44643  	1.3177   	2.9516   
31.157  	0.45573  	4.038    	8.8604   
18.025  	0.4097   	7.179    	17.522   
25.909  	0.34539  	14.186   	41.071   
27.019  	0.33045  	9.6541   	29.215   
1.9161  	0.3097   	251.07   	810.71   
17.392  	0.28837  	40.455   	140.29   
21.445  	0.32823  	31.149   	94.901   
31.145  	0.27966  	4.4094   	15.767   
39.394  	0.37698  	2.5754   	6.8317   
26.135  	0.35664  	9.4282   	26.437   
32.582  	0.3214   	4.0489   	12.598   
11.072  	0.45389  	55.595   	122.48   
30.313  	0.3734   	7.8111   	20.919   
8.4716  	0.44015  	57.202   	129.96   
12.405  	0.40591  	52.165   	128.51   
8.3203  	0.44635  	132.94   	297.83   
9.9368  	0.3812   	98.279   	257.82   
23.763  	0.32031  	7.8948   	24.647   
30.037  	0.33033  	13.823   	41.845   
29.014  	0.33582  	7.5626   	22.52    
8.1953  	0.44005  	68.74    	156.21   
20.826  	0.31573  	21.233   	67.252   
18.969  	0.62254  	5.6451   	9.0678   
30.42   	0.38161  	5.0347   	13.193   
23.831  	0.27733  	9.0261   	32.546   
15.967  	0.39605  	45.552   	115.02   
16.894  	0.39353  	33.575   	85.316   
28.962  	0.30105  	21.69    	72.05    
24.967  	0.37997  	26.759   	70.424   
37.943  	0.65138  	0.22534  	0.34595  
24.828  	0.26683  	3.3766   	12.654   
25.422  	0.34762  	8.0631   	23.195   
22.407  	0.23518  	32.41    	137.81   
9.1506  	0.39564  	100.74   	254.63   
26.545  	0.27962  	20.585   	73.619   
15.401  	0.33943  	45.162   	133.05   
21.465  	0.32388  	25.789   	79.625   
22.372  	0.34699  	21.692   	62.514   
11.367  	0.4962   	19.226   	38.747   
27.541  	0.26441  	6.5556   	24.793   
22.707  	0.34874  	27.152   	77.856   
23.488  	0.34991  	1.9198   	5.4866   
26.216  	0.35081  	13.449   	38.338   
26.761  	0.32315  	3.4003   	10.522   
20.426  	0.39694  	25.686   	64.71    
12.281  	0.47129  	28.815   	61.14    
11.744  	0.3783   	85.086   	224.92   
39.482  	0.81213  	0.23113  	0.2846   
15.782  	0.35244  	10.054   	28.526   
32.033  	0.28167  	1.7203   	6.1076   
23.651  	0.3675   	14.832   	40.36    
12.822  	0.45566  	19.248   	42.243   
10.026  	0.39339  	96.792   	246.04   
30.866  	0.31812  	11.261   	35.398   
26.129  	0.38048  	16.379   	43.048   
25.725  	0.29268  	3.3466   	11.435   
5.9774  	0.54509  	111.39   	204.34   
22.391  	0.37443  	12.109   	32.34    
24.55   	0.32182  	4.1395   	12.863   
33.698  	0.34664  	8.374    	24.157   
15.517  	0.41347  	24.237   	58.618   
8.4234  	0.47515  	78.224   	164.63   
30.755  	0.33147  	5.8806   	17.741   
17.085  	0.4079   	39.132   	95.935   
18.276  	0.36371  	6.586    	18.108   
34.943  	0.33221  	4.9714   	14.965   
23.179  	0.40186  	22.216   	55.284   
2.2946  	0.31188  	257.92   	826.96   
28.767  	0.41054  	3.4701   	8.4525   
16.366  	0.40865  	50.858   	124.46   
32.228  	0.40366  	6.0916   	15.091   
38.02   	0.34755  	3.6      	10.358   
22.222  	0.35492  	22.857   	64.401   
35.93   	0.32292  	6.0408   	18.707   
16.882  	0.29837  	19.303   	64.696   
21.961  	0.3504   	31.348   	89.463   
11.997  	0.30115  	51.493   	170.99   
37.069  	0.1267   	0.32772  	2.5865   
25.3    	0.33981  	6.4964   	19.118   
18.707  	0.35228  	14.28    	40.536   
30.274  	0.33869  	16.633   	49.111   
27.01   	0.28547  	22.003   	77.076   
17.227  	0.35198  	47.791   	135.78   
14.786  	0.35829  	42.376   	118.27   
24.732  	0.34833  	16.308   	46.817   
28.893  	0.31022  	5.2172   	16.817   
13.828  	0.37849  	13.493   	35.65    
35.247  	0.33841  	6.8959   	20.377   
33.942  	0.36763  	1.7225   	4.6855   
12.027  	0.33745  	57.812   	171.32   
24.087  	0.35761  	14.357   	40.147   
16.694  	0.33805  	9.6098   	28.427   
19.303  	0.39947  	37.54    	93.975   
17.041  	0.32864  	37.579   	114.35   
21.956  	0.39859  	20.385   	51.143   
10.878  	0.41072  	37.245   	90.681   
13.29   	0.38685  	41.884   	108.27   
29.516  	0.40763  	7.5278   	18.467   
30.584  	0.39815  	12.77    	32.072   
19.25   	0.40016  	28.154   	70.358   
21.453  	0.30339  	26.852   	88.507   
26.325  	0.30921  	9.3116   	30.114   
24.539  	0.37628  	26.772   	71.149   
22.851  	0.3588   	24.341   	67.84    
28.11   	0.28533  	2.7068   	9.4865   
17.254  	0.33214  	42.2     	127.06   
27.544  	0.36623  	1.7041   	4.6532   
18.804  	0.22791  	34.216   	150.13   
29.178  	0.30037  	21.929   	73.006   
25.468  	0.24994  	28.421   	113.71   
32.048  	0.23451  	3.1432   	13.403   
29.882  	0.33703  	14.196   	42.121   
29.536  	0.35325  	18.249   	51.66    
9.2381  	0.4285   	98.019   	228.75   
16.31   	0.39796  	43.331   	108.88   
28.217  	0.35524  	18.57    	52.276   
37.989  	0.52615  	0.24892  	0.4731   
15.038  	0.38518  	20.948   	54.384   
37.032  	0.38493  	5.5864   	14.513   
31.317  	0.34612  	12.47    	36.027   
12.201  	0.4786   	45.421   	94.904   
29.432  	0.34136  	18.939   	55.48    
11.21   	0.31508  	57.897   	183.76   
27.05   	0.29532  	12.444   	42.137   
6.8312  	0.58114  	81.267   	139.84   
28.515  	0.35483  	9.4759   	26.705   
23.033  	0.33228  	10.606   	31.919   
23.634  	0.34494  	12.311   	35.689   
8.2644  	0.43366  	70.722   	163.08   
28.72   	0.37873  	9.1318   	24.111   
33.498  	0.43468  	5.7903   	13.321   
29.534  	0.31303  	11.926   	38.098   
26.602  	0.36404  	13.293   	36.516   
27.623  	0.42352  	9.8313   	23.213   
36.347  	0.31113  	4.7785   	15.359   
28.139  	0.34159  	9.2236   	27.002   
10.025  	0.44929  	52.762   	117.43   
7.6652  	0.45304  	99.225   	219.02   
9.6608  	0.4685   	70.993   	151.53   
10.323  	0.4604   	71.469   	155.23   
28.472  	0.4112   	5.0421   	12.262   
8.8606  	0.40775  	57.253   	140.41   
24.172  	0.31822  	5.585    	17.551   
20.35   	0.36776  	28.624   	77.832   
15.491  	0.43191  	49.306   	114.16   
31.709  	0.31143  	2.6409   	8.4798   
32.538  	0.33734  	4.5345   	13.442   
29.626  	0.3366   	6.8628   	20.388   
29.688  	0.39387  	10.496   	26.649   
31.894  	0.37208  	9.1402   	24.565   
34.006  	0.4084   	0.47671  	1.1673   
24.138  	0.19533  	28.168   	144.21   
9.9498  	0.4546   	75.577   	166.25   
0.55384 	0.2951   	243.89   	826.46   
20.532  	0.43056  	26.832   	62.319   
21.088  	0.38235  	15.239   	39.856   
13.852  	0.36329  	18.87    	51.942   
18.74   	0.40595  	31.955   	78.718   
6.9269  	0.4959   	116.11   	234.14   
31.52   	0.44761  	4.6608   	10.413   
2.991   	0.23404  	207.35   	885.93   
