L			V_Ratio		Volume		Surface		Surface/Volume
0.1116  	17.46   	688.3   	906.5   	1.317   
5.772   	0.1766  	893.4   	2257    	6.587   
8.027   	0.1196  	1139    	5600    	13.59   
13.79   	0.05943 	1467    	1.047e+004	14.89   
17.84   	0.04502 	1869    	1.743e+004	17.3    
21.88   	0.02852 	2244    	2.408e+004	17.7    
25.94   	0.01908 	2592    	3.08e+004	19.31   
29.81   	0.01167 	2871    	3.641e+004	20.14   
33.99   	0.005746	3048    	4.008e+004	20.76   
36.28   	0.002959	3151    	4.223e+004	20.74   
L			V_Ratio		Volume		Surface		Surface/Volume
0.1116  	17.46   	688.3   	906.5   	1.317   
5.772   	0.1766  	893.4   	2257    	6.587   
8.027   	0.1196  	1139    	5600    	13.59   
13.79   	0.05943 	1467    	1.047e+004	14.89   
17.84   	0.04502 	1869    	1.743e+004	17.3    
21.88   	0.02852 	2244    	2.408e+004	17.7    
25.94   	0.01908 	2592    	3.08e+004	19.31   
29.81   	0.01167 	2871    	3.641e+004	20.14   
33.99   	0.005746	3048    	4.008e+004	20.76   
36.28   	0.002959	3151    	4.223e+004	20.74   
L			V_Ratio		Volume		Surface		Surface/Volume
0.1116  	17.46   	688.3   	906.5   	1.317   
5.772   	0.1766  	893.4   	2257    	6.587   
8.027   	0.1196  	1139    	5600    	13.59   
13.79   	0.05943 	1467    	1.047e+004	14.89   
17.84   	0.04502 	1869    	1.743e+004	17.3    
21.88   	0.02852 	2244    	2.408e+004	17.7    
25.94   	0.01908 	2592    	3.08e+004	19.31   
29.81   	0.01167 	2871    	3.641e+004	20.14   
33.99   	0.005746	3048    	4.008e+004	20.76   
36.28   	0.002959	3151    	4.223e+004	20.74   
L			V_Ratio		Volume		Surface		Surface/Volume
0.1116  	17.52   	690.7   	950.7   	1.376   
5.827   	0.1777  	900.3   	2395    	6.891   
8.08    	0.1211  	1152    	5864    	13.76   
13.8    	0.06281 	1499    	1.11e+004	15.12   
17.91   	0.04567 	1909    	1.822e+004	17.33   
21.86   	0.0309  	2315    	2.544e+004	17.8    
25.94   	0.0199  	2678    	3.244e+004	19.29   
29.81   	0.01217 	2969    	3.825e+004	20.01   
33.7    	0.006217	3157    	4.213e+004	20.61   
36.32   	0.00297 	3261    	4.43e+004	20.81   
L			V_Ratio		Volume		Surface		Surface/Volume
0.1116  	17.53   	691.3   	964.9   	1.396   
5.849   	0.1764  	900.8   	2404    	6.869   
8.113   	0.1318  	1177    	6333    	14.23   
13.79   	0.06425 	1531    	1.173e+004	15.25   
17.87   	0.04765 	1957    	1.917e+004	17.43   
21.86   	0.03108 	2366    	2.646e+004	17.86   
25.95   	0.0206  	2742    	3.376e+004	19.38   
29.8    	0.01241 	3038    	3.969e+004	20.04   
33.99   	0.006648	3243    	4.391e+004	20.63   
36.31   	0.003477	3364    	4.641e+004	20.56   
L			V_Ratio		Volume		Surface		Surface/Volume
0.1116  	17.56   	692.2   	981.1   	1.417   
5.797   	0.1835  	906.8   	2522    	7.184   
8.077   	0.1308  	1179    	6390    	14.22   
13.78   	0.06555 	1539    	1.193e+004	15.38   
17.88   	0.05066 	1993    	1.993e+004	17.59   
21.87   	0.03262 	2422    	2.763e+004	17.96   
26      	0.02168 	2820    	3.533e+004	19.38   
29.86   	0.0134  	3141    	4.177e+004	20.06   
33.75   	0.006782	3346    	4.602e+004	20.67   
36.39   	0.003417	3467    	4.85e+004	20.62   
L			V_Ratio		Volume		Surface		Surface/Volume
0.1116  	17.61   	694.6   	1027    	1.478   
5.786   	0.1879  	913.6   	2661    	7.458   
8.024   	0.1356  	1192    	6654    	14.33   
13.81   	0.06978 	1578    	1.267e+004	15.62   
17.91   	0.05181 	2044    	2.089e+004	17.63   
21.87   	0.03466 	2499    	2.912e+004	18.06   
25.98   	0.02306 	2922    	3.731e+004	19.4    
29.85   	0.01405 	3258    	4.401e+004	19.92   
33.72   	0.007489	3485    	4.867e+004	20.52   
36.36   	0.00363 	3612    	5.128e+004	20.51   
L			V_Ratio		Volume		Surface		Surface/Volume
0.1116  	17.6    	694     	1017    	1.465   
5.804   	0.1845  	910.3   	2592    	7.282   
8.076   	0.1454  	1212    	7050    	14.75   
13.78   	0.07221 	1610    	1.328e+004	15.69   
17.88   	0.05604 	2112    	2.221e+004	17.78   
21.85   	0.0367  	2594    	3.094e+004	18.11   
25.96   	0.0246  	3043    	3.967e+004	19.43   
29.83   	0.01486 	3398    	4.675e+004	19.95   
33.69   	0.008114	3644    	5.175e+004	20.36   
36.32   	0.004055	3786    	5.464e+004	20.38   
L			V_Ratio		Volume		Surface		Surface/Volume
0.1147  	1.377   	54.53   	720.1   	13.21   
5.998   	0.193   	293.8   	3294    	10.76   
9.669   	0.07632 	512.7   	6452    	14.43   
13.86   	0.04446 	759.9   	1.072e+004	17.28   
17.99   	0.0295  	1027    	1.587e+004	19.26   
21.84   	0.02551 	1362    	2.243e+004	19.59   
25.74   	0.01595 	1649    	2.831e+004	20.52   
29.99   	0.01018 	1895    	3.333e+004	20.38   
32.77   	0.006017	2067    	3.675e+004	19.85   
36.08   	0.003233	2179    	3.908e+004	20.86   
L			V_Ratio		Volume		Surface		Surface/Volume
0.1147  	1.537   	60.86   	840.8   	13.81   
5.992   	0.2024  	311.2   	3638    	11.17   
9.953   	0.07834 	548.1   	7168    	14.9    
13.87   	0.05073 	830.5   	1.214e+004	17.6    
17.69   	0.03632 	1150    	1.832e+004	19.37   
21.88   	0.03208 	1572    	2.664e+004	19.69   
25.79   	0.01823 	1901    	3.34e+004	20.55   
30      	0.0119  	2189    	3.925e+004	20.34   
32.81   	0.006817	2384    	4.314e+004	19.88   
36.08   	0.003809	2516    	4.586e+004	20.68   
L			V_Ratio		Volume		Surface		Surface/Volume
0.1147  	1.377   	54.53   	720.1   	13.21   
5.998   	0.193   	293.8   	3294    	10.76   
9.669   	0.07632 	512.7   	6452    	14.43   
13.86   	0.04446 	759.9   	1.072e+004	17.28   
17.99   	0.0295  	1027    	1.587e+004	19.26   
21.84   	0.02551 	1362    	2.243e+004	19.59   
25.74   	0.01595 	1649    	2.831e+004	20.52   
29.99   	0.01018 	1895    	3.333e+004	20.38   
32.77   	0.006017	2067    	3.675e+004	19.85   
36.08   	0.003233	2179    	3.908e+004	20.86   
40.84   	0.002154	2274    	4.103e+004	20.51   
45.91   	0.00154 	2359    	4.28e+004	20.79   
49.79   	0.001067	2428    	4.424e+004	20.88   
53.99   	0.0005823	2472    	4.517e+004	20.87   
57.03   	0.000285	2497    	4.567e+004	20.71   
L			V_Ratio		Volume		Surface		Surface/Volume
0.1147  	1.48    	58.64   	796.3   	13.58   
5.992   	0.1956  	300.6   	3425    	10.87   
9.953   	0.07419 	524.9   	6704    	14.61   
13.87   	0.04725 	788     	1.129e+004	17.43   
17.69   	0.03357 	1083    	1.699e+004	19.32   
21.88   	0.02981 	1475    	2.471e+004	19.67   
25.79   	0.01673 	1777    	3.092e+004	20.6    
30      	0.01097 	2043    	3.633e+004	20.37   
32.81   	0.006241	2222    	3.989e+004	19.87   
36.08   	0.003496	2343    	4.239e+004	20.74   
40.8    	0.002083	2434    	4.427e+004	20.51   
45.88   	0.001702	2528    	4.622e+004	20.77   
49.74   	0.001249	2609    	4.789e+004	20.66   
53.99   	0.0007491	2666    	4.907e+004	20.72   
57.03   	0.0002725	2689    	4.955e+004	20.64   
L			V_Ratio		Volume		Surface		Surface/Volume
0.2306  	14.7    	682.8   	806.3   	1.181   
5.513   	0.1767  	872.6   	1850    	5.498   
8.102   	0.09346 	1068    	4161    	11.83   
13.56   	0.0458  	1312    	7320    	12.92   
17.65   	0.02932 	1569    	1.13e+004	15.52   
21.61   	0.01676 	1784    	1.465e+004	15.56   
25.97   	0.01088 	1983    	1.831e+004	18.37   
29.86   	0.005301	2110    	2.08e+004	19.59   
33.2    	0.002435	2182    	2.23e+004	21.02   
37.73   	0.0008849	2215    	2.3e+004	21.02   
40.68   	0.0002914	2228    	2.327e+004	20.84   
45.47   	7.628e-005	2232    	2.335e+004	20.6    
L			V_Ratio		Volume		Surface		Surface/Volume
0.09653 	1.47    	56.74   	753.9   	13.29   
5.992   	0.1937  	296.3   	3337    	10.78   
9.868   	0.07858 	530.2   	6799    	14.8    
13.86   	0.04964 	806.2   	1.166e+004	17.63   
17.79   	0.0342  	1110    	1.758e+004	19.49   
21.81   	0.03112 	1517    	2.56e+004	19.69   
25.92   	0.01866 	1857    	3.258e+004	20.51   
28.29   	0.01254 	2128    	3.811e+004	20.45   
33.8    	0.007075	2343    	4.241e+004	19.95   
37.29   	0.003993	2490    	4.545e+004	20.68   
41.24   	0.002505	2603    	4.776e+004	20.58   
45.85   	0.001882	2707    	4.991e+004	20.71   
49.97   	0.00133 	2793    	5.17e+004	20.62   
53.92   	0.0008028	2854    	5.296e+004	20.73   
57.91   	0.0003733	2887    	5.364e+004	20.77   
61.08   	0.0001328	2900    	5.391e+004	20.83   
64.01   	9.734e-006	2901    	5.393e+004	19.44   
L			V_Ratio		Volume		Surface		Surface/Volume
0.09653 	1.562   	60.29   	829.5   	13.76   
5.99    	0.2035  	311.9   	3661    	11.25   
9.82    	0.08298 	556.8   	7348    	15.06   
13.88   	0.0513  	842.5   	1.239e+004	17.63   
17.84   	0.03597 	1164    	1.865e+004	19.5    
21.85   	0.03239 	1589    	2.705e+004	19.76   
25.99   	0.01953 	1947    	3.439e+004	20.52   
28.37   	0.01347 	2239    	4.039e+004	20.54   
33.83   	0.007583	2470    	4.501e+004	19.97   
37.17   	0.003787	2609    	4.789e+004	20.79   
41.14   	0.002579	2724    	5.026e+004	20.57   
45.88   	0.0021  	2840    	5.267e+004	20.77   
49.79   	0.001404	2931    	5.454e+004	20.6    
53.88   	0.0008338	2994    	5.585e+004	20.69   
57.81   	0.0003656	3026    	5.652e+004	20.97   
60.96   	0.0001532	3040    	5.682e+004	20.4    
64.04   	7.74e-006	3041    	5.683e+004	20.39   
L			V_Ratio		Volume		Surface		Surface/Volume
0.09653 	1.505   	58.07   	789.1   	13.59   
5.991   	0.2081  	315.4   	3734    	11.44   
9.811   	0.08285 	559.5   	7417    	15.09   
13.85   	0.05436 	861.2   	1.28e+004	17.83   
17.79   	0.03701 	1190    	1.923e+004	19.56   
21.82   	0.03326 	1625    	2.782e+004	19.72   
25.93   	0.0209  	2007    	3.562e+004	20.48   
28.3    	0.01456 	2321    	4.204e+004	20.43   
33.82   	0.007528	2550    	4.664e+004	20.03   
37.25   	0.004199	2705    	4.984e+004	20.72   
41.24   	0.002737	2828    	5.236e+004	20.51   
45.88   	0.002111	2944    	5.478e+004	20.71   
49.8    	0.001531	3044    	5.682e+004	20.62   
53.89   	0.0009219	3113    	5.827e+004	20.7    
57.83   	0.0004688	3154    	5.911e+004	20.66   
60.91   	0.0001616	3170    	5.943e+004	20.51   
64.06   	4.928e-006	3170    	5.944e+004	20.75   
L			V_Ratio		Volume		Surface		Surface/Volume
0.09653 	1.605   	61.97   	861.7   	13.91   
5.988   	0.2105  	322.1   	3860    	11.53   
9.811   	0.08892 	584.1   	7875    	15.33   
13.89   	0.05708 	902.5   	1.358e+004	17.92   
17.84   	0.0425  	1282    	2.099e+004	19.5    
21.87   	0.03531 	1747    	3.014e+004	19.71   
25.71   	0.02195 	2140    	3.818e+004	20.43   
28.35   	0.01503 	2466    	4.482e+004	20.39   
33.9    	0.007928	2709    	4.964e+004	19.86   
37.17   	0.004542	2875    	5.308e+004	20.66   
41.21   	0.003122	3015    	5.592e+004	20.32   
45.86   	0.002341	3144    	5.857e+004	20.54   
49.77   	0.001488	3240    	6.056e+004	20.6    
53.88   	0.001033	3319    	6.216e+004	20.47   
57.84   	0.0004825	3361    	6.302e+004	20.56   
61      	0.0001574	3376    	6.334e+004	20.67   
64.01   	3.38e-006	3376    	6.335e+004	22.22   
L			V_Ratio		Volume		Surface		Surface/Volume
0.09653 	1.543   	59.57   	818.7   	13.74   
5.828   	0.2286  	329.3   	4008    	11.83   
9.853   	0.08881 	592.9   	8073    	15.42   
13.87   	0.05809 	916.4   	1.386e+004	17.89   
17.81   	0.04164 	1287    	2.11e+004	19.51   
21.85   	0.03702 	1773    	3.069e+004	19.73   
25.99   	0.02261 	2187    	3.913e+004	20.37   
28.35   	0.01644 	2544    	4.637e+004	20.34   
33.83   	0.008305	2797    	5.143e+004	19.98   
37.25   	0.004574	2965    	5.49e+004	20.61   
41.21   	0.003227	3110    	5.786e+004	20.47   
45.87   	0.002452	3245    	6.064e+004	20.58   
49.8    	0.001629	3351    	6.281e+004	20.51   
53.91   	0.001024	3428    	6.44e+004	20.55   
57.84   	0.0005113	3473    	6.532e+004	20.68   
60.93   	0.0001708	3489    	6.566e+004	20.6    
64.08   	3.286e-006	3490    	6.567e+004	20.8    
L			V_Ratio		Volume		Surface		Surface/Volume
0.09653 	1.708   	65.92   	942.4   	14.3    
5.991   	0.2221  	340.5   	4215    	11.92   
9.823   	0.09462 	619.8   	8573    	15.6    
13.87   	0.06273 	968.8   	1.486e+004	18.02   
17.79   	0.04614 	1379    	2.283e+004	19.44   
21.8    	0.03962 	1897    	3.304e+004	19.72   
25.91   	0.02358 	2326    	4.177e+004	20.33   
28.27   	0.01719 	2696    	4.927e+004	20.25   
33.73   	0.009121	2973    	5.478e+004	19.93   
37.26   	0.004709	3146    	5.833e+004	20.53   
41.14   	0.003437	3299    	6.143e+004	20.19   
44.02   	0.002801	3442    	6.435e+004	20.47   
49.99   	0.001819	3561    	6.678e+004	20.42   
53.89   	0.001072	3642    	6.844e+004	20.42   
57.81   	0.0005499	3690    	6.941e+004	20.33   
61.06   	0.0001744	3707    	6.976e+004	20.88   
64.01   	1.341e-005	3708    	6.979e+004	20.23   
L			V_Ratio		Volume		Surface		Surface/Volume
0.1116  	16.84   	664.1   	903.5   	1.36    
5.827   	0.158   	850.4   	2261    	7.287   
8.08    	0.1142  	1088    	5530    	13.76   
13.8    	0.059   	1413    	1.044e+004	15.11   
17.91   	0.04296 	1800    	1.712e+004	17.28   
21.86   	0.02902 	2181    	2.388e+004	17.71   
25.94   	0.0185  	2519    	3.042e+004	19.39   
29.81   	0.01133 	2789    	3.585e+004	20.07   
33.7    	0.005764	2963    	3.946e+004	20.72   
36.32   	0.002753	3060    	4.148e+004	20.91   
40.54   	0.001112	3108    	4.248e+004	20.78   
45.71   	0.0002625	3122    	4.278e+004	20.67   
49.45   	5.716e-005	3126    	4.285e+004	20.74   
L			V_Ratio		Volume		Surface		Surface/Volume
0.1305  	25.64   	1038    	1164    	1.121   
5.945   	0.2242  	1312    	2462    	4.745   
9.454   	0.1768  	1799    	6093    	7.456   
13.76   	0.08488 	2264    	1.184e+004	12.35   
17.75   	0.06176 	2810    	1.934e+004	13.73   
21.75   	0.04154 	3351    	2.759e+004	15.26   
25.94   	0.03458 	3982    	3.664e+004	14.35   
29.97   	0.02235 	4521    	4.535e+004	16.16   
33.74   	0.01497 	4975    	5.265e+004	16.08   
37.9    	0.008686	5306    	5.842e+004	17.46   
41.72   	0.004646	5519    	6.21e+004	17.25   
45.77   	0.002413	5651    	6.444e+004	17.64   
49.67   	0.001002	5716    	6.557e+004	17.47   
53.88   	0.0002697	5736    	6.592e+004	17.54   
57.85   	6.422e-005	5742    	6.602e+004	17.92   
L			V_Ratio		Volume		Surface		Surface/Volume
0.1116  	19.95   	786.7   	976.3   	1.241   
5.827   	0.1834  	1003    	2413    	6.641   
8.08    	0.1255  	1264    	5792    	12.94   
13.8    	0.0637  	1615    	1.082e+004	14.33   
17.91   	0.04532 	2023    	1.763e+004	16.69   
21.86   	0.03026 	2421    	2.445e+004	17.17   
25.94   	0.01901 	2767    	3.108e+004	19.11   
29.81   	0.01152 	3042    	3.655e+004	19.92   
33.7    	0.005787	3217    	4.018e+004	20.71   
36.32   	0.002759	3314    	4.22e+004	20.91   
40.54   	0.001115	3362    	4.321e+004	20.77   
45.71   	0.000263	3377    	4.35e+004	20.66   
49.45   	5.726e-005	3380    	4.358e+004	20.74   
L			V_Ratio		Volume		Surface		Surface/Volume
0.1205  	20.21   	806.8   	918.9   	1.139   
5.74    	0.1927  	1028    	2208    	5.819   
8.727   	0.1018  	1271    	4935    	11.23   
13.82   	0.05277 	1563    	9350    	15.14   
17.86   	0.04095 	1929    	1.515e+004	15.83   
21.87   	0.03356 	2371    	2.179e+004	15.04   
25.94   	0.02059 	2746    	2.837e+004	17.51   
29.72   	0.01232 	3039    	3.389e+004	18.89   
33.91   	0.00801 	3284    	3.849e+004	18.74   
37.8    	0.004271	3446    	4.155e+004	18.92   
41.95   	0.001981	3538    	4.333e+004	19.42   
45.85   	0.0007863	3581    	4.417e+004	19.31   
49.73   	0.0002069	3595    	4.443e+004	19.35   
53.4    	4.613e-005	3598    	4.45e+004	19.4    
L			V_Ratio		Volume		Surface		Surface/Volume
0.1205  	20.3    	810.5   	923.5   	1.139   
5.74    	0.1937  	1033    	2225    	5.842   
8.727   	0.1027  	1278    	4981    	11.25   
13.82   	0.05339 	1573    	9448    	15.14   
17.86   	0.04146 	1944    	1.532e+004	15.82   
21.87   	0.03394 	2391    	2.203e+004	15.05   
25.94   	0.02084 	2771    	2.869e+004	17.5    
29.72   	0.01248 	3067    	3.428e+004	18.87   
33.91   	0.008112	3316    	3.893e+004	18.73   
37.8    	0.004326	3480    	4.203e+004	18.91   
41.95   	0.002007	3573    	4.383e+004	19.4    
45.85   	0.0007964	3616    	4.468e+004	19.29   
49.73   	0.0002095	3630    	4.494e+004	19.34   
53.4    	4.672e-005	3634    	4.501e+004	19.38   
L			V_Ratio		Volume		Surface		Surface/Volume
0.1145  	17.18   	680.1   	857.4   	1.261   
5.979   	0.1456  	859.6   	2016    	6.458   
8.29    	0.09513 	1067    	4697    	12.94   
13.82   	0.04917 	1338    	8785    	15.04   
17.67   	0.03768 	1669    	1.441e+004	17.03   
21.79   	0.02644 	2014    	2.004e+004	16.29   
25.96   	0.01682 	2321    	2.574e+004	18.57   
29.92   	0.01058 	2576    	3.045e+004	18.52   
33.9    	0.005206	2735    	3.371e+004	20.43   
37.26   	0.002529	2828    	3.564e+004	20.71   
41.59   	0.00108 	2878    	3.666e+004	20.73   
44.9    	0.0003238	2895    	3.701e+004	20.51   
49.79   	9.383e-005	2901    	3.714e+004	20.95   
52.12   	1.435e-006	2901    	3.714e+004	21.16   
L			V_Ratio		Volume		Surface		Surface/Volume
0.1116  	19.89   	784.4   	1007    	1.283   
5.772   	0.1911  	1006    	2601    	7.186   
8.027   	0.1443  	1303    	6667    	13.7    
13.79   	0.07221 	1701    	1.261e+004	14.94   
17.84   	0.05554 	2197    	2.112e+004	17.16   
21.88   	0.03543 	2663    	2.928e+004	17.49   
25.94   	0.02359 	3094    	3.753e+004	19.17   
29.81   	0.01454 	3441    	4.443e+004	19.89   
33.99   	0.007175	3662    	4.895e+004	20.47   
36.28   	0.003696	3791    	5.16e+004	20.46   
40.5    	0.001445	3853    	5.288e+004	20.5    
45.8    	0.0003419	3872    	5.326e+004	20.39   
49.49   	0.0001015	3879    	5.339e+004	20.02   
L			V_Ratio		Volume		Surface		Surface/Volume
0.1116  	17.49   	689.6   	930.2   	1.349   
5.827   	0.1749  	896     	2311    	6.693   
8.08    	0.1163  	1138    	5587    	13.53   
13.8    	0.05989 	1468    	1.051e+004	14.91   
17.91   	0.04316 	1856    	1.719e+004	17.21   
21.86   	0.02905 	2238    	2.394e+004	17.7    
25.94   	0.01861 	2578    	3.049e+004	19.28   
29.81   	0.01134 	2848    	3.592e+004	20.06   
33.7    	0.005764	3023    	3.953e+004	20.72   
36.32   	0.002753	3119    	4.155e+004	20.91   
40.54   	0.001112	3167    	4.255e+004	20.78   
45.71   	0.0002625	3182    	4.285e+004	20.67   
49.45   	5.716e-005	3185    	4.293e+004	20.74   
L			V_Ratio		Volume		Surface		Surface/Volume
0.2306  	14.7    	682.8   	806.3   	1.181   
5.513   	0.1767  	872.6   	1850    	5.498   
8.102   	0.09346 	1068    	4161    	11.83   
13.56   	0.0458  	1312    	7320    	12.92   
17.65   	0.02932 	1569    	1.13e+004	15.52   
21.61   	0.01676 	1784    	1.465e+004	15.56   
25.97   	0.01088 	1983    	1.831e+004	18.37   
29.86   	0.005301	2110    	2.08e+004	19.59   
33.2    	0.002435	2182    	2.23e+004	21.02   
37.73   	0.0008849	2215    	2.3e+004	21.02   
40.68   	0.0002914	2228    	2.327e+004	20.84   
45.47   	7.628e-005	2232    	2.335e+004	20.6    
L			V_Ratio		Volume		Surface		Surface/Volume
0.1116  	17.49   	689.6   	930.2   	1.349   
5.827   	0.1749  	896     	2311    	6.693   
8.08    	0.1163  	1138    	5587    	13.53   
13.8    	0.05989 	1468    	1.051e+004	14.91   
17.91   	0.04316 	1856    	1.719e+004	17.21   
21.86   	0.02905 	2238    	2.394e+004	17.7    
25.94   	0.01861 	2578    	3.049e+004	19.28   
29.81   	0.01134 	2848    	3.592e+004	20.06   
33.7    	0.005764	3023    	3.953e+004	20.72   
36.32   	0.002753	3119    	4.155e+004	20.91   
40.54   	0.001112	3167    	4.255e+004	20.78   
45.71   	0.0002625	3182    	4.285e+004	20.67   
49.45   	5.716e-005	3185    	4.293e+004	20.74   
L			V_Ratio		Volume		Surface		Surface/Volume
0.1116  	23.1    	910.7   	1162    	1.276   
5.827   	0.2244  	1175    	3041    	7.098   
8.08    	0.1644  	1517    	7648    	13.47   
13.8    	0.08531 	1988    	1.459e+004	14.77   
17.91   	0.06228 	2548    	2.406e+004	16.9    
21.86   	0.04224 	3103    	3.368e+004	17.32   
25.94   	0.02699 	3595    	4.3e+004	18.94   
29.81   	0.01655 	3990    	5.075e+004	19.61   
33.7    	0.008439	4246    	5.592e+004	20.24   
36.32   	0.004031	4387    	5.88e+004	20.42   
40.54   	0.001628	4458    	6.023e+004	20.28   
45.71   	0.0003844	4479    	6.066e+004	20.21   
49.45   	8.37e-005	4484    	6.077e+004	20.32   
L			V_Ratio		Volume		Surface		Surface/Volume
0.1116  	16.06   	633.4   	878.7   	1.387   
5.827   	0.1506  	811     	2203    	7.451   
8.08    	0.1107  	1041    	5398    	13.87   
13.8    	0.05732 	1357    	1.021e+004	15.22   
17.91   	0.04186 	1734    	1.674e+004	17.36   
21.86   	0.02833 	2106    	2.336e+004	17.76   
25.94   	0.01805 	2435    	2.976e+004	19.46   
29.81   	0.01107 	2700    	3.508e+004	20.11   
33.7    	0.005638	2870    	3.862e+004	20.75   
36.32   	0.002692	2965    	4.059e+004	20.95   
40.54   	0.001088	3012    	4.157e+004	20.81   
45.71   	0.0002568	3026    	4.186e+004	20.69   
49.45   	5.591e-005	3029    	4.194e+004	20.77   
L			V_Ratio		Volume		Surface		Surface/Volume
0.1116  	19.78   	780     	1030    	1.321   
5.827   	0.1876  	1001    	2653    	7.33    
8.08    	0.1393  	1291    	6614    	13.67   
13.8    	0.07227 	1689    	1.258e+004	14.98   
17.91   	0.05288 	2165    	2.071e+004	17.09   
21.86   	0.03586 	2636    	2.895e+004	17.5    
25.94   	0.02286 	3053    	3.695e+004	19.16   
29.81   	0.01404 	3388    	4.358e+004	19.81   
33.7    	0.007153	3605    	4.8e+004	20.43   
36.32   	0.003417	3724    	5.047e+004	20.62   
40.54   	0.00138 	3784    	5.17e+004	20.49   
45.71   	0.0003258	3802    	5.206e+004	20.4    
49.45   	7.095e-005	3807    	5.216e+004	20.5    
L			V_Ratio		Volume		Surface		Surface/Volume
0.2306  	14.69   	682.4   	795.1   	1.165   
5.518   	0.1779  	873.8   	1867    	5.599   
8.117   	0.08983 	1062    	4034    	11.5    
13.59   	0.04539 	1306    	7178    	12.92   
17.69   	0.03041 	1573    	1.138e+004	15.72   
21.61   	0.017   	1791    	1.479e+004	15.63   
25.96   	0.01035 	1980    	1.825e+004	18.26   
29.83   	0.005237	2106    	2.068e+004	19.47   
33.17   	0.002603	2182    	2.228e+004	20.89   
37.69   	0.001088	2223    	2.314e+004	20.94   
40.7    	0.0002605	2234    	2.338e+004	20.99   
45.99   	5.948e-005	2238    	2.344e+004	20.84   
L			V_Ratio		Volume		Surface		Surface/Volume
0.2306  	14.7    	682.8   	806.3   	1.181   
5.513   	0.1767  	872.6   	1850    	5.498   
8.102   	0.09346 	1068    	4161    	11.83   
13.56   	0.0458  	1312    	7320    	12.92   
17.65   	0.02932 	1569    	1.13e+004	15.52   
21.61   	0.01676 	1784    	1.465e+004	15.56   
25.97   	0.01088 	1983    	1.831e+004	18.37   
29.86   	0.005301	2110    	2.08e+004	19.59   
33.2    	0.002435	2182    	2.23e+004	21.02   
37.73   	0.0008849	2215    	2.3e+004	21.02   
40.68   	0.0002914	2228    	2.327e+004	20.84   
45.47   	7.628e-005	2232    	2.335e+004	20.6    
L			V_Ratio		Volume		Surface		Surface/Volume
0.2306  	14.7    	682.8   	806.3   	1.181   
5.513   	0.1767  	872.6   	1850    	5.498   
8.102   	0.09346 	1068    	4161    	11.83   
13.56   	0.0458  	1312    	7320    	12.92   
17.65   	0.02932 	1569    	1.13e+004	15.52   
21.61   	0.01676 	1784    	1.465e+004	15.56   
25.97   	0.01088 	1983    	1.831e+004	18.37   
29.86   	0.005301	2110    	2.08e+004	19.59   
33.2    	0.002435	2182    	2.23e+004	21.02   
37.73   	0.0008849	2215    	2.3e+004	21.02   
40.68   	0.0002914	2228    	2.327e+004	20.84   
45.47   	7.628e-005	2232    	2.335e+004	20.6    
L			V_Ratio		Volume		Surface		Surface/Volume
0.2306  	14.7    	682.8   	806.3   	1.181   
5.513   	0.1767  	872.6   	1850    	5.498   
8.102   	0.09346 	1068    	4161    	11.83   
13.56   	0.0458  	1312    	7320    	12.92   
17.65   	0.02932 	1569    	1.13e+004	15.52   
21.61   	0.01676 	1784    	1.465e+004	15.56   
25.97   	0.01088 	1983    	1.831e+004	18.37   
29.86   	0.005301	2110    	2.08e+004	19.59   
33.2    	0.002435	2182    	2.23e+004	21.02   
37.73   	0.0008849	2215    	2.3e+004	21.02   
40.68   	0.0002914	2228    	2.327e+004	20.84   
45.47   	7.628e-005	2232    	2.335e+004	20.6    
L			V_Ratio		Volume		Surface		Surface/Volume
0.1116  	17.46   	688.3   	906.5   	1.317   
5.772   	0.1766  	893.4   	2257    	6.587   
8.027   	0.1196  	1139    	5600    	13.59   
13.79   	0.05943 	1467    	1.047e+004	14.89   
17.84   	0.04502 	1869    	1.743e+004	17.3    
21.88   	0.02852 	2244    	2.408e+004	17.7    
25.94   	0.01908 	2592    	3.08e+004	19.31   
29.81   	0.01167 	2871    	3.641e+004	20.14   
33.99   	0.005746	3048    	4.008e+004	20.76   
36.28   	0.002959	3151    	4.223e+004	20.74   
40.5    	0.001157	3201    	4.327e+004	20.79   
45.8    	0.0002737	3216    	4.358e+004	20.67   
49.49   	8.126e-005	3222    	4.368e+004	20.25   
L			V_Ratio		Volume		Surface		Surface/Volume
0.09986 	17.87   	693     	994.9   	1.436   
5.963   	0.1763  	909.2   	2574    	7.303   
9.076   	0.1042  	1176    	6352    	14.16   
13.78   	0.06465 	1531    	1.18e+004	15.34   
17.88   	0.04692 	1952    	1.917e+004	17.5    
22      	0.03154 	2372    	2.672e+004	18.01   
25.91   	0.02286 	2788    	3.485e+004	19.52   
29.86   	0.01391 	3121    	4.157e+004	20.18   
33.9    	0.007352	3346    	4.623e+004	20.69   
37.44   	0.003828	3488    	4.916e+004	20.64   
41.39   	0.00155 	3558    	5.061e+004	20.7    
44.92   	0.0004366	3582    	5.109e+004	20.73   
49.87   	9.076e-005	3587    	5.121e+004	20.85   
L			V_Ratio		Volume		Surface		Surface/Volume
0.09986 	18.06   	700.4   	1143    	1.632   
5.97    	0.191   	935.3   	3087    	8.28    
9.053   	0.1353  	1280    	8410    	15.44   
13.78   	0.08526 	1749    	1.612e+004	16.43   
17.94   	0.06634 	2347    	2.7e+004	18.19   
21.77   	0.04633 	2952    	3.82e+004	18.53   
25.71   	0.03273 	3539    	4.973e+004	19.63   
29.99   	0.02007 	4024    	5.942e+004	20.01   
33.75   	0.01082 	4352    	6.613e+004	20.42   
37.55   	0.005537	4559    	7.036e+004	20.46   
41.44   	0.002344	4665    	7.252e+004	20.39   
44.97   	0.000656	4700    	7.323e+004	20.37   
49.89   	0.0001789	4711    	7.347e+004	20.24   
L			V_Ratio		Volume		Surface		Surface/Volume
0.09986 	17.82   	691.1   	961.6   	1.391   
5.922   	0.1767  	905.5   	2506    	7.207   
8.956   	0.1136  	1189    	6626    	14.51   
13.79   	0.06732 	1560    	1.238e+004	15.52   
17.96   	0.052   	2030    	2.073e+004	17.76   
21.74   	0.03558 	2493    	2.916e+004	18.21   
25.93   	0.02414 	2934    	3.78e+004	19.62   
29.93   	0.01508 	3296    	4.513e+004	20.19   
33.98   	0.007614	3531    	4.997e+004	20.68   
37.49   	0.003998	3679    	5.306e+004	20.74   
41.36   	0.001777	3760    	5.472e+004	20.7    
44.9    	0.000447	3783    	5.521e+004	20.79   
49.74   	0.0001206	3791    	5.537e+004	20.43   
L			V_Ratio		Volume		Surface		Surface/Volume
0.09986 	17.71   	686.9   	879.6   	1.28    
5.95    	0.1636  	887     	2149    	6.346   
9.028   	0.09054 	1117    	5214    	13.35   
13.75   	0.05334 	1409    	9452    	14.52   
17.88   	0.0384  	1753    	1.535e+004	17.13   
21.75   	0.02505 	2079    	2.112e+004	17.7    
25.97   	0.01699 	2390    	2.722e+004	19.63   
29.71   	0.009905	2624    	3.205e+004	20.57   
33.78   	0.005202	2783    	3.543e+004	21.36   
37.6    	0.002682	2883    	3.758e+004	21.33   
41.37   	0.001146	2935    	3.868e+004	21.3    
44.99   	0.0003249	2952    	3.905e+004	21.42   
49.83   	6.749e-005	2956    	3.914e+004	21.75   
L			V_Ratio		Volume		Surface		Surface/Volume
0.09986 	17.62   	683.2   	803.1   	1.176   
5.987   	0.1515  	870.4   	1819    	5.424   
9.072   	0.07116 	1052    	3943    	11.67   
13.77   	0.04129 	1279    	6889    	13      
17.93   	0.02757 	1527    	1.089e+004	16.12   
21.75   	0.01761 	1757    	1.474e+004	16.78   
25.97   	0.01106 	1959    	1.871e+004	19.61   
29.94   	0.006357	2112    	2.192e+004	20.99   
33.71   	0.00326 	2211    	2.412e+004	22.32   
37.54   	0.001622	2271    	2.548e+004	22.39   
41.45   	0.0006862	2302    	2.617e+004	22.28   
45.02   	0.000193	2313    	2.64e+004	22.32   
49.87   	3.911e-005	2315    	2.646e+004	22.57   
L			V_Ratio		Volume		Surface		Surface/Volume
0.09986 	17.65   	684.3   	828.1   	1.21    
5.989   	0.1577  	879.2   	1994    	5.982   
9.092   	0.08112 	1088    	4645    	12.72   
13.8    	0.04763 	1350    	8295    	13.91   
17.93   	0.0335  	1652    	1.337e+004	16.8    
21.75   	0.02225 	1942    	1.842e+004	17.45   
25.93   	0.01468 	2209    	2.369e+004	19.66   
29.92   	0.008337	2410    	2.783e+004	20.7    
33.98   	0.004275	2541    	3.069e+004	21.73   
37.49   	0.002343	2629    	3.258e+004	21.63   
41.41   	0.0009564	2672    	3.352e+004	21.73   
44.89   	0.0002514	2685    	3.381e+004	22.05   
49.9    	6.386e-005	2689    	3.39e+004	21.43   
L			V_Ratio		Volume		Surface		Surface/Volume
0.09986 	17.91   	694.4   	1024    	1.474   
5.976   	0.174   	908.7   	2566    	7.202   
9.047   	0.1089  	1186    	6568    	14.43   
13.75   	0.06849 	1561    	1.241e+004	15.59   
17.87   	0.05194 	2026    	2.065e+004	17.71   
21.74   	0.0357  	2491    	2.911e+004	18.23   
25.97   	0.02424 	2934    	3.78e+004	19.6    
29.98   	0.01477 	3290    	4.497e+004	20.14   
33.75   	0.008249	3540    	5.014e+004	20.61   
37.54   	0.004115	3694    	5.332e+004	20.71   
41.44   	0.001814	3776    	5.501e+004	20.65   
44.91   	0.0004695	3801    	5.553e+004	20.64   
49.84   	0.0001318	3810    	5.57e+004	20.36   
L			V_Ratio		Volume		Surface		Surface/Volume
0.2306  	14.7    	682.8   	806.3   	1.181   
5.513   	0.1767  	872.6   	1850    	5.498   
8.102   	0.09346 	1068    	4161    	11.83   
13.56   	0.0458  	1312    	7320    	12.92   
17.65   	0.02932 	1569    	1.13e+004	15.52   
21.61   	0.01676 	1784    	1.465e+004	15.56   
25.97   	0.01088 	1983    	1.831e+004	18.37   
29.86   	0.005301	2110    	2.08e+004	19.59   
33.2    	0.002435	2182    	2.23e+004	21.02   
37.73   	0.0008849	2215    	2.3e+004	21.02   
40.68   	0.0002914	2228    	2.327e+004	20.84   
45.47   	7.628e-005	2232    	2.335e+004	20.6    
L			V_Ratio		Volume		Surface		Surface/Volume
0.2306  	14.7    	682.8   	806.3   	1.181   
5.513   	0.1767  	872.6   	1850    	5.498   
8.102   	0.09346 	1068    	4161    	11.83   
13.56   	0.0458  	1312    	7320    	12.92   
17.65   	0.02932 	1569    	1.13e+004	15.52   
21.61   	0.01676 	1784    	1.465e+004	15.56   
25.97   	0.01088 	1983    	1.831e+004	18.37   
29.86   	0.005301	2110    	2.08e+004	19.59   
33.2    	0.002435	2182    	2.23e+004	21.02   
37.73   	0.0008849	2215    	2.3e+004	21.02   
40.68   	0.0002914	2228    	2.327e+004	20.84   
45.47   	7.628e-005	2232    	2.335e+004	20.6    
L			V_Ratio		Volume		Surface		Surface/Volume
0.2306  	14.7    	682.8   	806.3   	1.181   
5.513   	0.1767  	872.6   	1850    	5.498   
8.102   	0.09346 	1068    	4161    	11.83   
13.56   	0.0458  	1312    	7320    	12.92   
17.65   	0.02932 	1569    	1.13e+004	15.52   
21.61   	0.01676 	1784    	1.465e+004	15.56   
25.97   	0.01088 	1983    	1.831e+004	18.37   
29.86   	0.005301	2110    	2.08e+004	19.59   
33.2    	0.002435	2182    	2.23e+004	21.02   
37.73   	0.0008849	2215    	2.3e+004	21.02   
40.68   	0.0002914	2228    	2.327e+004	20.84   
45.47   	7.628e-005	2232    	2.335e+004	20.6    
L			V_Ratio		Volume		Surface		Surface/Volume
0.2306  	14.7    	682.8   	806.3   	1.181   
5.513   	0.1767  	872.6   	1850    	5.498   
8.102   	0.09346 	1068    	4161    	11.83   
13.56   	0.0458  	1312    	7320    	12.92   
17.65   	0.02932 	1569    	1.13e+004	15.52   
21.61   	0.01676 	1784    	1.465e+004	15.56   
25.97   	0.01088 	1983    	1.831e+004	18.37   
29.86   	0.005301	2110    	2.08e+004	19.59   
33.2    	0.002435	2182    	2.23e+004	21.02   
37.73   	0.0008849	2215    	2.3e+004	21.02   
40.68   	0.0002914	2228    	2.327e+004	20.84   
45.47   	7.628e-005	2232    	2.335e+004	20.6    
L			V_Ratio		Volume		Surface		Surface/Volume
0.2306  	14.7    	682.8   	806.3   	1.181   
5.513   	0.1767  	872.6   	1850    	5.498   
8.102   	0.09346 	1068    	4161    	11.83   
13.56   	0.0458  	1312    	7320    	12.92   
17.65   	0.02932 	1569    	1.13e+004	15.52   
21.61   	0.01676 	1784    	1.465e+004	15.56   
25.97   	0.01088 	1983    	1.831e+004	18.37   
29.86   	0.005301	2110    	2.08e+004	19.59   
33.2    	0.002435	2182    	2.23e+004	21.02   
37.73   	0.0008849	2215    	2.3e+004	21.02   
40.68   	0.0002914	2228    	2.327e+004	20.84   
45.47   	7.628e-005	2232    	2.335e+004	20.6    
L			V_Ratio		Volume		Surface		Surface/Volume
0.2306  	14.7    	682.8   	806.3   	1.181   
5.513   	0.1767  	872.6   	1850    	5.498   
8.102   	0.09346 	1068    	4161    	11.83   
13.56   	0.0458  	1312    	7320    	12.92   
17.65   	0.02932 	1569    	1.13e+004	15.52   
21.61   	0.01676 	1784    	1.465e+004	15.56   
25.97   	0.01088 	1983    	1.831e+004	18.37   
29.86   	0.005301	2110    	2.08e+004	19.59   
33.2    	0.002435	2182    	2.23e+004	21.02   
37.73   	0.0008849	2215    	2.3e+004	21.02   
40.68   	0.0002914	2228    	2.327e+004	20.84   
45.47   	7.628e-005	2232    	2.335e+004	20.6    
L			V_Ratio		Volume		Surface		Surface/Volume
0.2306  	14.69   	682.4   	795.1   	1.165   
5.518   	0.1779  	873.8   	1867    	5.599   
8.117   	0.08983 	1062    	4034    	11.5    
13.59   	0.04539 	1306    	7178    	12.92   
17.69   	0.03041 	1573    	1.138e+004	15.72   
21.61   	0.017   	1791    	1.479e+004	15.63   
25.96   	0.01035 	1980    	1.825e+004	18.26   
29.83   	0.005237	2106    	2.068e+004	19.47   
33.17   	0.002603	2182    	2.228e+004	20.89   
37.69   	0.001088	2223    	2.314e+004	20.94   
40.7    	0.0002605	2234    	2.338e+004	20.99   
45.99   	5.948e-005	2238    	2.344e+004	20.84   
